%YAML:1.0
---
K: !!opencv-matrix
   rows: 3
   cols: 3
   dt: d
   data: [ 3.0301263272855510e+02, 0., 3.0541949445278198e+02, 0.,
       3.0253583660053522e+02, 2.3129592501103573e+02, 0., 0., 1. ]
D: !!opencv-matrix
   rows: 1
   cols: 5
   dt: d
   data: [ -3.3489097336487306e-01, 1.2821145903063155e-01,
       8.8711583787014583e-04, -1.2552852052560579e-03,
       -2.3352766344466324e-02 ]
