[LEFT_CAM_2K]
fx=1400.1
fy=1400.1
cx=1091.52
cy=575.913
k1=-0.170159
k2=0.0237574
p1=0
p2=0
k3=0

[RIGHT_CAM_2K]
fx=1399.89
fy=1399.89
cx=1050.44
cy=590.888
k1=-0.170072
k2=0.0220685
p1=0
p2=0
k3=0

[LEFT_CAM_FHD]
fx=1400.1
fy=1400.1
cx=947.52
cy=494.913
k1=-0.170159
k2=0.0237574
p1=0
p2=0
k3=0

[RIGHT_CAM_FHD]
fx=1399.89
fy=1399.89
cx=906.44
cy=509.888
k1=-0.170072
k2=0.0220685
p1=0
p2=0
k3=0

[LEFT_CAM_HD]
fx=700.05
fy=700.05
cx=632.26
cy=335.9565
k1=-0.170159
k2=0.0237574
p1=0
p2=0
k3=0

[RIGHT_CAM_HD]
fx=699.945
fy=699.945
cx=611.72
cy=343.444
k1=-0.170072
k2=0.0220685
p1=0
p2=0
k3=0

[LEFT_CAM_VGA]
fx=350.025
fy=350.025
cx=331.63
cy=175.47825
k1=-0.170159
k2=0.0237574
p1=0
p2=0
k3=0

[RIGHT_CAM_VGA]
fx=349.9725
fy=349.9725
cx=321.36
cy=179.222
k1=-0.170072
k2=0.0220685
p1=0
p2=0
k3=0

[STEREO]
Baseline=120
TY=0
TZ=0
CV_2K=0.00614413
CV_FHD=0.00614413
CV_HD=0.00614413
CV_VGA=0.00614413
RX_2K=0.000866877
RX_FHD=0.000866877
RX_HD=0.000866877
RX_VGA=0.000866877
RZ_2K=0.00124918
RZ_FHD=0.00124918
RZ_HD=0.00124918
RZ_VGA=0.00124918

